11111111111111111111111111111111111111111
10000000000000000000000000000000000000001
10000000000000000000000000000000000000001
10000000000000000000000000000000000000001
10000000000000000000000000000000000000001
10000000000000000000000000000000000000001
10000000000000000000000000000000000000001
10000001111111111111111111111111110000001
10000000000000000000000000000000000000001
10000000000000000000000000000000000000001
10000000000000000000000000000000000000001
10000000000000000000000000000000000000001
10000000000000000000000000000000000000001
10000000000000000000000000000000000000001
11111111111111111111111111111111111111111